         0    0.1875    0.3750    0.5625    0.7188    0.9063    1.0937    1.2500    1.4375    1.6250    1.8125    1.9687    2.1562    2.3437
         0         0         0         0         0         0         0         0         0         0         0         0         0         0
         0         0         0         0         0         0         0         0         0         0         0         0         0         0
         0    0.1869    0.3700    0.5457    0.6840    0.8371    0.9736    1.0725    1.1713    1.2468    1.2973    1.3195    1.3220    1.2980
         0   -0.0133   -0.0527   -0.1177   -0.1903   -0.2982   -0.4266   -0.5475   -0.7066   -0.8781   -1.0585   -1.2130   -1.4004   -1.5862
         0   -0.1416   -0.2832   -0.4248   -0.5428   -0.6844   -0.8260   -0.9440   -1.0856   -1.2272   -1.3688   -1.4867   -1.6283   -1.7699
         0    0.1869    0.3700    0.5457    0.6840    0.8371    0.9736    1.0725    1.1713    1.2468    1.2973    1.3195    1.3220    1.2980
         0    0.0133    0.0527    0.1177    0.1903    0.2982    0.4266    0.5475    0.7066    0.8781    1.0585    1.2130    1.4004    1.5862
         0    0.1416    0.2832    0.4248    0.5428    0.6844    0.8260    0.9440    1.0856    1.2272    1.3688    1.4867    1.6283    1.7699
         0    0.1873    0.3730    0.5558    0.7051    0.8818    1.0557    1.1981    1.3658    1.5298    1.6896    1.8195    1.9711    2.1178
         0   -0.0084   -0.0334   -0.0749   -0.1208   -0.1834   -0.2537   -0.3179   -0.4017   -0.4926   -0.5906   -0.6775   -0.7878   -0.9045
         0   -0.0893   -0.1785   -0.2678   -0.3192   -0.3624   -0.4057   -0.4417   -0.4849   -0.5282   -0.5714   -0.6075   -0.6507   -0.6940
         0    0.1873    0.3730    0.5558    0.7051    0.8818    1.0557    1.1981    1.3658    1.5298    1.6896    1.8195    1.9711    2.1178
         0    0.0084    0.0334    0.0749    0.1208    0.1834    0.2537    0.3179    0.4017    0.4926    0.5906    0.6775    0.7878    0.9045
         0    0.0893    0.1785    0.2678    0.3192    0.3624    0.4057    0.4417    0.4849    0.5282    0.5714    0.6075    0.6507    0.6940

