         0    0.0938    0.1875    0.2813    0.3750    0.4688    0.5625    0.6250    0.7188    0.8125    0.9063    1.0000    1.0937    1.1875    1.2500    1.3437    1.4375    1.5312    1.6250    1.7187    1.8125    1.8750    1.9687    2.0625    2.1562    2.2500    2.3437    2.4375
         0         0         0         0         0         0         0         0         0         0         0         0         0         0         0         0         0         0         0         0         0         0         0         0         0         0         0         0
         0         0         0         0         0         0         0         0         0         0         0         0         0         0         0         0         0         0         0         0         0         0         0         0         0         0         0         0
         0    0.0937    0.1869    0.2791    0.3700    0.4590    0.5457    0.6021    0.6840    0.7625    0.8371    0.9076    0.9736    1.0346    1.0725    1.1247    1.1713    1.2121    1.2468    1.2752    1.2973    1.3084    1.3195    1.3241    1.3220    1.3133    1.2980    1.2762
         0   -0.0033   -0.0133   -0.0298   -0.0527   -0.0821   -0.1177   -0.1448   -0.1903   -0.2415   -0.2982   -0.3600   -0.4266   -0.4977   -0.5475   -0.6253   -0.7066   -0.7910   -0.8781   -0.9674   -1.0585   -1.1200   -1.2130   -1.3067   -1.4004   -1.4937   -1.5862   -1.6773
         0   -0.0708   -0.1416   -0.2124   -0.2832   -0.3540   -0.4248   -0.4720   -0.5428   -0.6136   -0.6844   -0.7552   -0.8260   -0.8968   -0.9440   -1.0148   -1.0856   -1.1564   -1.2272   -1.2980   -1.3688   -1.4160   -1.4867   -1.5575   -1.6283   -1.6991   -1.7699   -1.8407
         0    0.0937    0.1869    0.2791    0.3700    0.4590    0.5457    0.6021    0.6840    0.7625    0.8371    0.9076    0.9736    1.0346    1.0725    1.1247    1.1713    1.2121    1.2468    1.2752    1.2973    1.3084    1.3195    1.3241    1.3220    1.3133    1.2980    1.2762
         0    0.0033    0.0133    0.0298    0.0527    0.0821    0.1177    0.1448    0.1903    0.2415    0.2982    0.3600    0.4266    0.4977    0.5475    0.6253    0.7066    0.7910    0.8781    0.9674    1.0585    1.1200    1.2130    1.3067    1.4004    1.4937    1.5862    1.6773
         0    0.0708    0.1416    0.2124    0.2832    0.3540    0.4248    0.4720    0.5428    0.6136    0.6844    0.7552    0.8260    0.8968    0.9440    1.0148    1.0856    1.1564    1.2272    1.2980    1.3688    1.4160    1.4867    1.5575    1.6283    1.6991    1.7699    1.8407
         0    0.0937    0.1873    0.2804    0.3730    0.4649    0.5558    0.6158    0.7051    0.7938    0.8818    0.9691    1.0557    1.1414    1.1981    1.2824    1.3658    1.4483    1.5298    1.6102    1.6896    1.7419    1.8195    1.8959    1.9711    2.0451    2.1178    2.1892
         0   -0.0021   -0.0084   -0.0188   -0.0334   -0.0521   -0.0749   -0.0923   -0.1208   -0.1511   -0.1834   -0.2176   -0.2537   -0.2916   -0.3179   -0.3589   -0.4017   -0.4463   -0.4926   -0.5408   -0.5906   -0.6248   -0.6775   -0.7318   -0.7878   -0.8454   -0.9045   -0.9653
         0   -0.0446   -0.0893   -0.1339   -0.1785   -0.2232   -0.2678   -0.2975   -0.3192   -0.3408   -0.3624   -0.3840   -0.4057   -0.4273   -0.4417   -0.4633   -0.4849   -0.5066   -0.5282   -0.5498   -0.5714   -0.5858   -0.6075   -0.6291   -0.6507   -0.6723   -0.6940   -0.7156
         0    0.0937    0.1873    0.2804    0.3730    0.4649    0.5558    0.6158    0.7051    0.7938    0.8818    0.9691    1.0557    1.1414    1.1981    1.2824    1.3658    1.4483    1.5298    1.6102    1.6896    1.7419    1.8195    1.8959    1.9711    2.0451    2.1178    2.1892
         0    0.0021    0.0084    0.0188    0.0334    0.0521    0.0749    0.0923    0.1208    0.1511    0.1834    0.2176    0.2537    0.2916    0.3179    0.3589    0.4017    0.4463    0.4926    0.5408    0.5906    0.6248    0.6775    0.7318    0.7878    0.8454    0.9045    0.9653
         0    0.0446    0.0893    0.1339    0.1785    0.2232    0.2678    0.2975    0.3192    0.3408    0.3624    0.3840    0.4057    0.4273    0.4417    0.4633    0.4849    0.5066    0.5282    0.5498    0.5714    0.5858    0.6075    0.6291    0.6507    0.6723    0.6940    0.7156